374.573
35.387
32.000
31.964
35.995
31.971
31.999
36.687
31.270
35.980
31.986
31.986
36.012
31.976
36.719
31.200
32.032
36.656
31.360
35.916
31.994
31.991
35.945
31.993
35.962
32.728
31.229
36.011
32.250
31.682
36.706
31.260
36.680
31.391
32.163
35.649
32.019
35.978
32.685
31.270
36.728
31.968
35.997
31.256
32.715
35.221
32.271
35.688
31.990
31.937
35.988
32.725
32.007
35.217
31.944
36.725
31.975
31.267
36.704
31.243
35.981
31.995
32.679
35.321
31.928
36.001
32.004
32.631
36.018
31.256
36.701
31.267
31.967
35.962
39.330
31.980
35.923
28.839
37.146
30.832
31.977
35.958
31.980
37.027
30.901
31.999
35.959
32.985
35.487
31.495
31.965
37.000
31.496
35.464
31.922
31.996
35.949
32.002
33.351
35.981
32.019
34.526
31.966
33.035
35.948
30.955
35.958
31.944
33.164
34.807
31.980
35.977
32.005
31.977
35.957
31.964
37.048
31.965
30.916
36.002
32.933
30.981
35.960
32.067
36.951
32.724
31.581
35.932
30.634
35.922
31.956
31.992
36.060
31.896
35.935
33.109
30.898
35.946
32.086
36.179
33.079
31.983
35.590
30.945
35.962
31.962
31.963
35.987
31.965
32.000
35.979
31.953
37.095
30.916
33.019
35.442
31.377
36.681
32.698
31.988
35.731
30.797
35.976
31.979
33.062
34.903
32.493
35.358
32.077
32.004
36.456
31.355
32.069
35.971
31.988
36.255
33.062
32.417
35.196
30.907
35.949
32.011
32.970
36.007
31.970
36.037
31.332
31.539
36.281
31.802
33.896
29.798
31.908
36.273
32.523
31.827
35.203
31.985
36.006
31.972
32.012
35.936
32.701
35.293
31.945
31.982
36.710
31.272
35.993
31.952
31.996
35.964
31.997
35.964
32.039
32.146
35.776
32.701
31.917
35.484
32.597
35.140
32.165
31.828
35.978
32.021
35.930
32.721
31.939
35.390
31.897
35.948
32.717
31.264
35.979
31.964
35.980
31.988
32.680
34.036
31.045
28.057
29.055
26.067
27.120
24.063
21.089
22.054
19.071
20.073
17.790
14.108
15.846
12.290
13.083
10.096
9.315
8.595
8.589
8.596
8.601
8.582
8.820
8.587
8.591
9.315
8.594
9.293
9.333
8.598
8.569
8.548
8.588
9.330
8.596
8.583
8.590
8.584
9.293
8.582
8.555
8.546
8.574
9.284
9.094
8.577
8.564
8.605
9.354
8.608
8.593
8.593
8.566
8.594
8.578
8.592
9.326
8.591
9.352
8.608
8.576
8.571
8.582
8.592
8.591
8.589
9.362
9.283
8.542
8.603
8.583
8.920
9.082
9.205
8.575
8.564
8.564
8.598
8.606
8.606
8.594
9.199
9.339
8.592
8.573
8.571
9.293
8.567
9.305
8.598
8.567
9.314
8.586
8.576
8.773
8.599
16.076
16.064
16.336
8.964
8.597
8.721
8.737
8.619
9.343
9.364
8.595
9.316
8.602
8.605
8.830
8.597
8.619
8.589
8.603
8.627
8.589
8.622
9.333
9.338
8.585
9.179
9.340
9.274
9.049
8.630
8.612
9.237
9.032
8.567
8.581
8.572
9.315
9.249
9.326
8.577
8.611
8.584
8.589
8.604
8.600
8.603
8.568
8.582
8.616
9.306
9.315
8.575
8.585
8.589
8.577
9.298
9.357
9.262
8.572
8.549
9.318
9.320
8.572
9.344
9.328
8.601
9.293
9.296
9.164
9.207
9.335
9.313
9.319
9.313
8.598
8.587
8.567
8.696
9.344
8.562
8.585
8.603
8.607
8.575
8.586
8.597
9.325
9.255
9.317
9.321
8.583
8.570
8.573
9.267
9.110
8.573
8.569
8.591
9.257
8.572
9.252
8.568
8.544
8.599
8.545
8.546
8.562
9.313
9.304
9.276
9.322
8.563
8.579
8.598
9.325
8.579
8.543
8.583
8.579
9.328
8.577
8.565
9.270
8.590
9.313
8.574
9.322
9.279
9.290
8.572
8.566
8.576
8.593
9.320
8.566
8.602
9.271
8.567
8.622
9.244
8.556
8.580
8.823
8.573
9.319
9.223
16.022
16.062
16.127
8.762
8.617
8.717
8.711
8.585
9.305
8.597
9.101
9.339
8.596
9.295
8.596
8.592
8.574
8.589
8.591
8.593
8.593
8.598
9.335
8.588
8.556
9.218
9.285
8.538
9.286
8.548
8.576
8.574
8.731
9.242
8.575
9.226
9.270
9.332
9.326
9.200
8.567
8.593
8.563
8.579
8.563
8.569
8.572
8.573
8.536
8.596
8.567
8.562
8.561
8.560
8.567
8.635
8.579
8.566
8.570
8.557
8.558
8.573
9.333
8.584
9.331
9.249
8.570
8.581
8.575
8.570
9.320
8.583
9.323
9.323
8.568
8.542
9.320
8.554
9.029
9.210
8.542
8.563
9.315
8.680
8.572
8.572
9.091
8.560
8.583
9.268
9.290
9.224
8.595
8.570
8.599
8.576
8.570
8.575
8.549
9.165
8.560
8.553
9.042
8.572
9.268
8.550
8.578
8.580
9.269
8.598
9.278
8.573
8.573
8.582
8.568
8.595
8.824
8.573
8.593
8.589
8.576
8.584
9.314
9.353
8.577
8.560
9.325
9.354
9.316
8.579
8.584
9.186
9.308
8.588
9.290
8.570
8.614
8.583
9.096
8.588
9.294
8.941
9.318
8.584
8.596
8.605
17.317
15.899
15.322
12.766
12.765
13.392
14.177
14.174
14.210
14.172
14.160
13.045
13.857
12.741
12.783
12.761
12.695
13.873
12.742
12.783
12.751
12.756
13.335
12.755
13.567
12.770
14.172
14.254
14.151
14.194
14.165
14.151
14.154
14.937
13.015
12.752
13.906
12.770
12.755
12.786
12.748
12.719
12.760
12.762
12.734
12.765
12.737
12.761
12.747
12.756
12.737
12.939
14.154
14.170
14.148
14.158
14.154
13.400
12.977
13.014
14.212
14.383
14.379
13.030
13.829
13.031
13.030
13.603
14.027
12.991
12.998
12.976
12.952
12.985
13.005
14.440
14.391
14.177
12.966
13.007
13.668
14.460
14.412
13.195
13.004
12.976
13.010
13.002
13.016
12.969
12.958
12.968
15.091
15.650
14.402
14.081
13.035
13.005
14.117
14.080
13.539
15.884
14.424
13.578
13.021
12.989
14.162
14.432
14.382
14.109
12.989
13.052
13.038
12.979
12.960
12.987
13.000
12.955
13.512
13.011
13.011
12.971
12.989
13.307
14.414
15.701
13.554
13.003
13.740
15.336
15.592
14.381
13.227
12.995
12.969
13.006
12.943
12.973
12.942
12.980
12.979
12.974
12.960
13.032
14.397
14.374
14.409
14.419
14.396
13.447
12.952
12.999
14.277
15.612
14.418
13.692
13.751
13.018
13.028
12.985
12.937
12.944
13.002
12.968
12.985
12.936
13.535
14.452
14.407
14.790
14.401
14.456
15.571
12.982
12.999
14.268
14.427
14.433
12.993
13.017
13.633
12.962
14.045
13.000
14.038
14.078
13.589
13.011
12.995
13.000
12.977
14.110
13.380
14.383
14.420
13.509
12.975
12.974
15.508
14.431
14.392
13.006
13.563
13.002
12.968
12.994
13.177
12.965
12.982
12.987
12.982
12.971
12.974
14.385
15.684
14.035
12.998
12.955
13.761
14.456
14.409
13.323
12.993
12.966
13.005
13.396
12.985
13.659
13.302
13.023
13.050
13.146
12.971
13.015
12.979
14.029
12.969
13.043
13.409
14.498
14.380
15.631
15.627
14.441
13.216
12.975
13.057
12.966
12.992
14.130
13.014
12.986
12.992
13.017
12.974
12.954
12.988
12.983
13.013
13.003
13.077
13.030
14.377
14.454
14.400
13.003
12.988
15.423
15.620
14.416
12.959
13.019
13.011
13.015
12.986
13.017
13.043
12.995
12.972
12.992
13.002
13.017
14.397
14.443
14.176
12.987
13.007
13.646
14.418
14.444
13.218
13.073
12.985
14.052
14.007
13.066
13.001
13.360
12.999
13.034
13.655
13.017
13.017
12.995
12.992
12.984
13.028
13.078
14.408
14.418
13.876
13.016
12.967
13.854
14.488
14.460
12.922
13.000
13.000
13.012
13.037
13.020
14.121
13.018
12.959
12.985
12.981
13.003
13.985
14.091
12.948
13.007
12.975
14.132
14.429
14.450
13.326
13.023
12.983
14.118
13.000
13.015
12.989
13.003
12.981
12.996
12.966
13.683
12.952
12.998
12.985
13.639
12.954
13.267
14.402
14.414
14.637
12.986
12.980
15.582
14.420
14.415
12.968
13.621
12.975
14.056
13.039
12.979
12.974
12.985
13.007
12.971
13.001
13.055
15.419
14.421
15.666
14.402
14.416
13.306
12.992
12.994
15.549
14.825
14.425
12.992
12.997
13.605
12.973
12.985
13.025
12.995
12.976
13.371
14.855
14.933
14.466
14.402
14.438
14.444
12.991
12.969
14.412
14.434
14.430
12.969
12.979
13.654
14.072
12.997
13.015
12.995
12.991
13.050
13.018
14.104
13.177
14.749
14.411
14.399
14.421
14.387
13.157
13.999
13.024
12.904
13.055
13.006
13.000
14.050
12.996
13.000
12.931
13.015
12.965
12.965
14.216
14.444
14.402
13.770
12.973
14.081
14.141
14.459
14.409
12.978
12.933
14.057
12.993
14.023
12.984
12.965
13.002
13.010
13.606
13.013
13.033
13.945
13.033
13.298
14.409
14.396
14.446
14.455
14.400
13.037
12.990
13.021
13.007
13.014
13.034
13.017
13.008
13.028
13.012
13.038
12.988
13.002
13.023
13.275
14.923
14.563
11.866
9.186
9.573
8.907
8.787
8.820
8.911
8.849
8.813
8.771
8.780
8.782
8.772
8.767
8.762
9.529
8.770
8.762
9.568
9.043
8.924
9.092
8.743
8.761
8.778
8.776
8.780
8.773
9.484
8.779
8.772
9.392
8.888
8.741
9.253
9.383
8.782
8.758
8.749
8.807
8.795
8.792
8.790
8.766
8.764
8.765
9.221
8.777
9.486
8.770
8.713
8.768
9.530
8.745
9.492
8.769
8.751
8.744
9.460
8.745
8.756
8.747
8.774
8.740
9.498
8.752
9.513
9.509
9.501
8.759
8.783
8.750
9.554
8.737
8.748
8.746
8.753
8.742
9.596
8.747
9.505
8.786
8.721
8.735
9.461
9.459
8.736
8.772
8.745
8.741
8.732
8.735
9.503
8.776
8.748
8.739
9.534
8.731
8.746
8.744
9.441
8.741
9.274
9.487
9.478
8.743
8.740
8.779
8.748
9.426
9.292
8.751
9.529
8.771
9.272
8.787
8.747
8.763
8.739
8.761
8.771
9.681
8.796
9.510
8.740
8.753
8.768
8.839
8.778
9.394
8.776
8.773
8.746
8.758
9.284
8.776
8.747
8.776
8.771
8.760
8.768
8.768
8.755
14.844
16.229
16.199
12.968
12.995
13.001
14.413
14.398
14.380
13.018
12.982
13.004
12.999
12.972
13.170
12.984
13.013
14.091
12.992
13.003
13.277
14.404
14.433
14.377
14.420
15.403
13.267
12.971
13.009
12.967
13.030
12.999
101.409
18.415
18.407
19.994
18.678
18.371
8.738
8.755
9.487
8.765
8.777
8.767
8.773
8.731
8.758
9.469
8.765
8.777
8.793
8.750
8.796
8.765
8.783
8.754
8.774
8.769
8.767
9.502
8.786
8.715
8.765
8.765
8.776
8.766
9.452
9.499
8.787
8.753
8.759
8.762
8.762
8.737
8.771
8.761
9.498
8.775
8.764
8.760
9.496
8.729
8.755
8.772
8.787
8.733
8.762
8.790
8.795
8.767
9.127
9.514
8.808
9.499
8.741
8.777
8.802
9.513
8.763
9.453
9.385
8.716
8.729
8.756
8.755
8.734
8.726
8.765
8.764
8.744
8.794
9.449
9.378
8.729
8.749
8.747
8.779
8.768
8.769
8.756
8.774
8.744
8.773
8.747
8.762
8.753
9.127
8.761
8.762
8.746
8.752
8.759
8.784
8.765
8.757
9.471
8.797
8.752
8.769
8.750
8.881
8.809
8.734
8.834
8.781
8.768
8.955
8.775
8.752
8.756
9.089
8.777
8.757
8.777
8.763
8.776
8.762
8.776
8.757
9.513
9.517
8.759
8.753
8.762
8.759
9.472
9.449
9.488
8.744
8.739
8.781
9.440
9.448
9.502
8.751
9.978
9.695
9.722
9.474
8.919
8.920
16.385
16.368
15.272
9.485
8.988
8.855
8.832
8.811
8.915
8.776
8.759
8.761
8.750
8.775
9.512
8.754
8.779
8.791
9.442
8.780
8.760
8.812
8.786
9.511
8.752
9.448
8.777
9.410
9.496
9.119
8.846
8.788
8.771
8.764
8.788
8.765
8.783
8.772
8.764
9.625
8.920
8.744
8.763
8.750
9.475
9.431
8.787
8.752
8.751
8.790
8.763
9.522
9.492
9.486
8.733
8.820
8.770
8.749
8.767
8.775
8.744
8.775
8.772
8.782
8.774
8.745
8.766
8.722
8.942
8.787
8.771
8.756
9.522
8.764
8.779
8.781
8.736
8.745
8.756
8.778
8.749
8.888
8.746
8.771
8.763
8.900
9.479
8.763
8.761
8.743
8.803
8.758
8.740
8.742
8.794
9.535
8.751
9.528
8.783
9.514
9.011
8.791
9.304
8.763
8.756
8.782
8.786
8.762
8.763
8.739
8.740
8.774
9.459
9.472
9.544
8.738
8.758
9.108
8.771
8.753
8.997
8.761
9.525
9.370
8.941
8.724
8.757
8.782
8.779
8.787
9.504
8.740
8.750
8.745
8.772
8.741
9.454
8.733
9.183
8.777
8.741
8.734
8.773
8.741
9.419
9.454
16.169
16.125
16.194
13.009
12.983
15.657
14.456
14.432
13.045
12.991
13.010
13.016
13.037
12.967
13.031
12.981
13.003
13.032
14.078
12.975
13.049
13.006
13.612
14.549
14.434
13.285
12.994
12.985
13.026
13.164
12.978
12.994
12.982
12.966
13.004
13.006
12.990
13.009
13.017
13.081
13.019
13.034
13.164
14.464
14.405
13.846
12.975
14.113
14.109
14.438
14.442
12.998
13.023
12.997
12.995
13.987
12.992
13.007
12.988
13.667
13.034
12.980
13.014
12.998
14.083
13.098
14.401
15.001
14.440
14.476
14.410
13.248
13.000
13.025
13.006
12.996
13.069
12.987
13.004
12.988
13.012
14.140
12.991
13.035
12.986
12.961
12.999
12.997
13.176
14.441
14.411
14.443
14.507
14.435
13.155
12.992
12.993
13.383
13.163
13.037
12.984
12.976
12.986
13.017
12.979
12.958
14.099
13.198
13.004
12.991
12.989
13.307
14.407
14.480
15.010
12.982
13.007
13.892
14.402
14.504
13.226
13.878
12.978
13.028
12.982
13.006
13.002
13.035
13.004
13.041
12.999
13.019
12.981
13.011
13.003
14.445
14.419
14.394
14.437
14.450
13.519
13.446
13.021
14.447
14.380
14.440
13.049
12.976
12.984
13.015
14.094
13.552
12.998
12.996
12.968
12.992
13.020
13.071
14.541
14.465
13.964
12.974
13.032
12.988
13.008
12.967
14.271
14.447
15.627
12.974
13.058
14.062
13.010
13.104
13.011
13.023
12.967
12.993
12.982
13.011
13.022
13.004
13.013
13.273
14.421
14.427
14.435
14.478
14.446
13.235
13.005
13.051
13.013
13.038
13.014
14.447
14.421
14.348
13.019
13.032
13.013
13.389
13.006
13.027
13.007
12.988
13.014
13.062
13.006
13.047
14.428
14.474
14.433
14.409
14.470
13.304
13.014
13.002
13.567
12.994